$ANSIBLE_VAULT;1.1;AES256
30393264333239313763646539666633646465623532626638366664663766323032326563313039
6330613935333036643039363436613333396163303564620a346235653532326262613366653530
35633966656466303336646631323764383838616137373362353463373335396130346336383864
3737373239653964300a626435633963663439646236336265663834356164643065356439383834
32646138626339353039383535323166633531663738376663393937626237363361306538613935
33343735646438383030656530353264633064613337363861313461663437303135306464393666
63393261326266643332353731323330653932383937313438386236353735663763386630633532
64326137346334316539316239646365613431316665613736383432346561303139643964653731
65613935336330666536303530626331373464336334623235333033303565313366366364373938
31373635373332373865383735346365306463613461613832393962343965653734353734323463
63623630393637353333616264346534373637343838356333376161646638666165386537623834
37383566383035366233
