$ANSIBLE_VAULT;1.1;AES256
63646563343434363937333962386464623030646632653933353462383266366664303637656366
3230653239623839333938623339303232393337623563650a373937626638653433653939393139
61333038653064383163626432333335613337386263636233626538636231303833653962326464
6534323963396632370a363633393162643964383330356437353465336262373866376637353632
38643865376462653434326230653566393430356231336262643430333136663333363032313439
63366531393738386537353335346532353233333461383938376231386364323563313033636430
63633437383439326361666465333432646261303634663535656162616433366663613535373730
65383466643333653032336336373035363538376134363464343164303366643063366233643438
62663938376462356161306466626638366566363134363765343161623331386130393864343637
32303138313736373965316563373438383535326466376265373632393063333561356662373735
33633462626237376530643866393634376363313537636639633762316134663839363133303430
64653530313062373661
